$ 1 0.000005 16.13108636308289 50 5 50
183 32 192 144 192 0 0.5 1.66 3.33 5 0
c 32 112 32 192 0 0.00001 9.81529400922018e-10
r 32 192 32 288 0 1000
183 32 112 144 112 0 0.5 1.66 3.33 5 0
183 144 112 240 112 0 0.5 1.66 3.33 5 0
183 240 112 352 112 0 0.5 1.66 3.33 5 0
152 368 208 480 208 0 2 5 5
152 368 128 480 128 0 2 5 5
w 368 224 368 192 0
w 368 192 144 192 0
w 368 192 368 144 0
w 352 112 368 112 0
w 32 112 -128 112 0
g 32 288 32 320 0
S -128 112 -192 112 0 0 false 0 2
w 32 288 -192 288 0
w -192 288 -192 128 0
R -192 96 -256 96 0 0 40 5 0 0 0.5
x 506 140 703 143 6 24 apply\sinput\ssignals
x 512 220 731 223 6 24 6116SA\swrite\senable
x -138 92 35 95 4 24 write\sdata\ssignal
