v2.0 raw
10 10 10 10  8C 8C 8C 8C  10 10 10 10  88 88 88 88
02 02 02 02  00 00 00 00  00 00 00 00  00 00 00 00
00 00 00 00  00 00 00 00  00 00 00 00  00 00 00 00
00 00 00 00  00 00 00 00  00 00 00 00  00 00 00 00
00 00 00 00  00 00 00 00  00 00 00 00  00 00 00 00
00 00 00 00  00 00 00 00  00 00 00 00  00 00 00 00
10 10 10 10  8C 8C 8C 8C  00 00 00 00  02 02 02 02
00 00 00 00  00 00 00 00  00 00 00 00  00 00 00 00
10 10 10 10  8C 8C 8C 8C  00 00 00 00  02 02 02 02
00 00 00 00  00 00 00 00  00 00 00 00  00 00 00 00
00 00 00 00  00 00 00 00  00 00 00 00  00 00 00 00
00 00 00 00  00 00 00 00  00 00 00 00  00 00 00 00
00 00 00 00  00 00 00 00  00 00 00 00  00 00 00 00
00 00 00 00  00 00 00 00  00 00 00 00  00 00 00 00
10 10 10 10  8C 8C 8C 8C  10 10 10 10  88 88 88 88
02 02 02 02  00 00 00 00  00 00 00 00  00 00 00 00
00 00 00 00  00 00 00 00  00 00 00 00  00 00 00 00
00 00 00 00  00 00 00 00  00 00 00 00  00 00 00 00
00 00 00 00  00 00 00 00  00 00 00 00  00 00 00 00
00 00 00 00  00 00 00 00  00 00 00 00  00 00 00 00
00 00 00 00  00 00 00 00  00 00 00 00  00 00 00 00
00 00 00 00  00 00 00 00  00 00 00 00  00 00 00 00
00 00 00 00  00 00 00 00  00 00 00 00  00 00 00 00
00 00 00 00  00 00 00 00  00 00 00 00  00 00 00 00
00 00 00 00  00 00 00 00  00 00 00 00  00 00 00 00
00 00 00 00  00 00 00 00  00 00 00 00  00 00 00 00
00 00 00 00  00 00 00 00  00 00 00 00  00 00 00 00
00 00 00 00  00 00 00 00  00 00 00 00  00 00 00 00
10 10 10 10  8C 8C 8C 8C  08 10 08 10  02 A0 02 A0
00 02 00 02  00 00 00 00  00 00 00 00  00 00 00 00
00 00 00 00  00 00 00 00  00 00 00 00  00 00 00 00
00 00 00 00  00 00 00 00  00 00 00 00  00 00 00 00
00 00 00 00  00 00 00 00  00 00 00 00  00 00 00 00
00 00 00 00  00 00 00 00  00 00 00 00  00 00 00 00
00 00 00 00  00 00 00 00  00 00 00 00  00 00 00 00
00 00 00 00  00 00 00 00  00 00 00 00  00 00 00 00
10 10 10 10  8C 8C 8C 8C  02 02 02 02  00 00 00 00
00 00 00 00  00 00 00 00  00 00 00 00  00 00 00 00
10 10 10 10  8C 8C 8C 8C  01 01 01 01  00 00 00 00
00 00 00 00  00 00 00 00  00 00 00 00  00 00 00 00
00 00 00 00  00 00 00 00  00 00 00 00  00 00 00 00
00 00 00 00  00 00 00 00  00 00 00 00  00 00 00 00
00 00 00 00  00 00 00 00  00 00 00 00  00 00 00 00
00 00 00 00  00 00 00 00  00 00 00 00  00 00 00 00
00 00 00 00  00 00 00 00  00 00 00 00  00 00 00 00
00 00 00 00  00 00 00 00  00 00 00 00  00 00 00 00
00 00 00 00  00 00 00 00  00 00 00 00  00 00 00 00
00 00 00 00  00 00 00 00  00 00 00 00  00 00 00 00
00 00 00 00  00 00 00 00  00 00 00 00  00 00 00 00
00 00 00 00  00 00 00 00  00 00 00 00  00 00 00 00
00 00 00 00  00 00 00 00  00 00 00 00  00 00 00 00
00 00 00 00  00 00 00 00  00 00 00 00  00 00 00 00
00 00 00 00  00 00 00 00  00 00 00 00  00 00 00 00
00 00 00 00  00 00 00 00  00 00 00 00  00 00 00 00
00 00 00 00  00 00 00 00  00 00 00 00  00 00 00 00
00 00 00 00  00 00 00 00  00 00 00 00  00 00 00 00
00 00 00 00  00 00 00 00  00 00 00 00  00 00 00 00
00 00 00 00  00 00 00 00  00 00 00 00  00 00 00 00
00 00 00 00  00 00 00 00  00 00 00 00  00 00 00 00
00 00 00 00  00 00 00 00  00 00 00 00  00 00 00 00
00 00 00 00  00 00 00 00  00 00 00 00  00 00 00 00
00 00 00 00  00 00 00 00  00 00 00 00  00 00 00 00
00 00 00 00  00 00 00 00  00 00 00 00  00 00 00 00
00 00 00 00  00 00 00 00  00 00 00 00  00 00 00 00