v2.0 raw
02 02 02 02  00 00 00 00  02 02 02 02  00 00 00 00
00 00 00 00  00 00 00 00  00 00 00 00  00 00 00 00
00 00 00 00  00 00 00 00  00 00 00 00  00 00 00 00
00 00 00 00  00 00 00 00  00 00 00 00  00 00 00 00
00 00 00 00  00 00 00 00  00 00 00 00  00 00 00 00
00 00 00 00  00 00 00 00  00 00 00 00  00 00 00 00
02 02 02 02  00 00 00 00  90 90 90 90  00 00 00 00
00 00 00 00  00 00 00 00  00 00 00 00  00 00 00 00
02 02 02 02  00 00 00 00  08 08 08 08  00 00 00 00
00 00 00 00  00 00 00 00  00 00 00 00  00 00 00 00
00 00 00 00  00 00 00 00  00 00 00 00  00 00 00 00
00 00 00 00  00 00 00 00  00 00 00 00  00 00 00 00
00 00 00 00  00 00 00 00  00 00 00 00  00 00 00 00
00 00 00 00  00 00 00 00  00 00 00 00  00 00 00 00
02 02 02 02  00 00 00 00  02 02 02 02  40 40 40 40
00 00 00 00  00 00 00 00  00 00 00 00  00 00 00 00
00 00 00 00  00 00 00 00  00 00 00 00  00 00 00 00
00 00 00 00  00 00 00 00  00 00 00 00  00 00 00 00
00 00 00 00  00 00 00 00  00 00 00 00  00 00 00 00
00 00 00 00  00 00 00 00  00 00 00 00  00 00 00 00
00 00 00 00  00 00 00 00  00 00 00 00  00 00 00 00
00 00 00 00  00 00 00 00  00 00 00 00  00 00 00 00
00 00 00 00  00 00 00 00  00 00 00 00  00 00 00 00
00 00 00 00  00 00 00 00  00 00 00 00  00 00 00 00
00 00 00 00  00 00 00 00  00 00 00 00  00 00 00 00
00 00 00 00  00 00 00 00  00 00 00 00  00 00 00 00
00 00 00 00  00 00 00 00  00 00 00 00  00 00 00 00
00 00 00 00  00 00 00 00  00 00 00 00  00 00 00 00
02 02 02 02  00 00 00 00  00 02 00 02  00 00 00 00
00 00 00 00  00 00 00 00  00 00 00 00  00 00 00 00
00 00 00 00  00 00 00 00  00 00 00 00  00 00 00 00
00 00 00 00  00 00 00 00  00 00 00 00  00 00 00 00
00 00 00 00  00 00 00 00  00 00 00 00  00 00 00 00
00 00 00 00  00 00 00 00  00 00 00 00  00 00 00 00
00 00 00 00  00 00 00 00  00 00 00 00  00 00 00 00
00 00 00 00  00 00 00 00  00 00 00 00  00 00 00 00
02 02 02 02  00 00 00 00  00 00 00 00  00 00 00 00
00 00 00 00  00 00 00 00  00 00 00 00  00 00 00 00
02 02 02 02  00 00 00 00  00 00 00 00  00 00 00 00
00 00 00 00  00 00 00 00  00 00 00 00  00 00 00 00
00 00 00 00  00 00 00 00  00 00 00 00  00 00 00 00
00 00 00 00  00 00 00 00  00 00 00 00  00 00 00 00
00 00 00 00  00 00 00 00  00 00 00 00  00 00 00 00
00 00 00 00  00 00 00 00  00 00 00 00  00 00 00 00
00 00 00 00  00 00 00 00  00 00 00 00  00 00 00 00
00 00 00 00  00 00 00 00  00 00 00 00  00 00 00 00
00 00 00 00  00 00 00 00  00 00 00 00  00 00 00 00
00 00 00 00  00 00 00 00  00 00 00 00  00 00 00 00
00 00 00 00  00 00 00 00  00 00 00 00  00 00 00 00
00 00 00 00  00 00 00 00  00 00 00 00  00 00 00 00
00 00 00 00  00 00 00 00  00 00 00 00  00 00 00 00
00 00 00 00  00 00 00 00  00 00 00 00  00 00 00 00
00 00 00 00  00 00 00 00  00 00 00 00  00 00 00 00
00 00 00 00  00 00 00 00  00 00 00 00  00 00 00 00
00 00 00 00  00 00 00 00  00 00 00 00  00 00 00 00
00 00 00 00  00 00 00 00  00 00 00 00  00 00 00 00
00 00 00 00  00 00 00 00  00 00 00 00  00 00 00 00
00 00 00 00  00 00 00 00  00 00 00 00  00 00 00 00
00 00 00 00  00 00 00 00  00 00 00 00  00 00 00 00
00 00 00 00  00 00 00 00  00 00 00 00  00 00 00 00
00 00 00 00  00 00 00 00  00 00 00 00  00 00 00 00
00 00 00 00  00 00 00 00  00 00 00 00  00 00 00 00
00 00 00 00  00 00 00 00  00 00 00 00  00 00 00 00
00 00 00 00  00 00 00 00  00 00 00 00  00 00 00 00