v2.0 raw
04 04 04 04  01 01 01 01  04 04 04 04  05 05 05 05
01 01 01 01  00 00 00 00  00 00 00 00  00 00 00 00
00 00 00 00  00 00 00 00  00 00 00 00  00 00 00 00
00 00 00 00  00 00 00 00  00 00 00 00  00 00 00 00
00 00 00 00  00 00 00 00  00 00 00 00  00 00 00 00
00 00 00 00  00 00 00 00  00 00 00 00  00 00 00 00
04 04 04 04  01 01 01 01  20 20 20 20  00 00 00 00
00 00 00 00  00 00 00 00  00 00 00 00  00 00 00 00
04 04 04 04  01 01 01 01  10 10 10 10  00 00 00 00
00 00 00 00  00 00 00 00  00 00 00 00  00 00 00 00
00 00 00 00  00 00 00 00  00 00 00 00  00 00 00 00
00 00 00 00  00 00 00 00  00 00 00 00  00 00 00 00
00 00 00 00  00 00 00 00  00 00 00 00  00 00 00 00
00 00 00 00  00 00 00 00  00 00 00 00  00 00 00 00
04 04 04 04  01 01 01 01  04 04 04 04  05 05 05 05
81 81 81 81  00 00 00 00  00 00 00 00  00 00 00 00
00 00 00 00  00 00 00 00  00 00 00 00  00 00 00 00
00 00 00 00  00 00 00 00  00 00 00 00  00 00 00 00
00 00 00 00  00 00 00 00  00 00 00 00  00 00 00 00
00 00 00 00  00 00 00 00  00 00 00 00  00 00 00 00
00 00 00 00  00 00 00 00  00 00 00 00  00 00 00 00
00 00 00 00  00 00 00 00  00 00 00 00  00 00 00 00
00 00 00 00  00 00 00 00  00 00 00 00  00 00 00 00
00 00 00 00  00 00 00 00  00 00 00 00  00 00 00 00
00 00 00 00  00 00 00 00  00 00 00 00  00 00 00 00
00 00 00 00  00 00 00 00  00 00 00 00  00 00 00 00
00 00 00 00  00 00 00 00  00 00 00 00  00 00 00 00
00 00 00 00  00 00 00 00  00 00 00 00  00 00 00 00
04 04 04 04  01 01 01 01  00 04 00 04  00 01 00 01
00 00 00 00  00 00 00 00  00 00 00 00  00 00 00 00
00 00 00 00  00 00 00 00  00 00 00 00  00 00 00 00
00 00 00 00  00 00 00 00  00 00 00 00  00 00 00 00
00 00 00 00  00 00 00 00  00 00 00 00  00 00 00 00
00 00 00 00  00 00 00 00  00 00 00 00  00 00 00 00
00 00 00 00  00 00 00 00  00 00 00 00  00 00 00 00
00 00 00 00  00 00 00 00  00 00 00 00  00 00 00 00
04 04 04 04  01 01 01 01  00 00 00 00  00 00 00 00
00 00 00 00  00 00 00 00  00 00 00 00  00 00 00 00
04 04 04 04  01 01 01 01  00 00 00 00  00 00 00 00
00 00 00 00  00 00 00 00  00 00 00 00  00 00 00 00
00 00 00 00  00 00 00 00  00 00 00 00  00 00 00 00
00 00 00 00  00 00 00 00  00 00 00 00  00 00 00 00
00 00 00 00  00 00 00 00  00 00 00 00  00 00 00 00
00 00 00 00  00 00 00 00  00 00 00 00  00 00 00 00
00 00 00 00  00 00 00 00  00 00 00 00  00 00 00 00
00 00 00 00  00 00 00 00  00 00 00 00  00 00 00 00
00 00 00 00  00 00 00 00  00 00 00 00  00 00 00 00
00 00 00 00  00 00 00 00  00 00 00 00  00 00 00 00
00 00 00 00  00 00 00 00  00 00 00 00  00 00 00 00
00 00 00 00  00 00 00 00  00 00 00 00  00 00 00 00
00 00 00 00  00 00 00 00  00 00 00 00  00 00 00 00
00 00 00 00  00 00 00 00  00 00 00 00  00 00 00 00
00 00 00 00  00 00 00 00  00 00 00 00  00 00 00 00
00 00 00 00  00 00 00 00  00 00 00 00  00 00 00 00
00 00 00 00  00 00 00 00  00 00 00 00  00 00 00 00
00 00 00 00  00 00 00 00  00 00 00 00  00 00 00 00
00 00 00 00  00 00 00 00  00 00 00 00  00 00 00 00
00 00 00 00  00 00 00 00  00 00 00 00  00 00 00 00
00 00 00 00  00 00 00 00  00 00 00 00  00 00 00 00
00 00 00 00  00 00 00 00  00 00 00 00  00 00 00 00
00 00 00 00  00 00 00 00  00 00 00 00  00 00 00 00
00 00 00 00  00 00 00 00  00 00 00 00  00 00 00 00
00 00 00 00  00 00 00 00  00 00 00 00  00 00 00 00
00 00 00 00  00 00 00 00  00 00 00 00  00 00 00 00
