v2.0 raw
10 10 10 10  0C 0C 0C 0C  10 10 10 10  08 08 08 08
00 00 00 00  02 02 02 02  00 00 00 00  00 00 00 00
00 00 00 00  00 00 00 00  00 00 00 00  00 00 00 00
00 00 00 00  00 00 00 00  00 00 00 00  00 00 00 00
00 00 00 00  00 00 00 00  00 00 00 00  00 00 00 00
00 00 00 00  00 00 00 00  00 00 00 00  00 00 00 00
10 10 10 10  0C 0C 0C 0C  00 00 00 00  02 02 02 02
00 00 00 00  00 00 00 00  00 00 00 00  00 00 00 00
10 10 10 10  0C 0C 0C 0C  00 00 00 00  02 02 02 02
00 00 00 00  00 00 00 00  00 00 00 00  00 00 00 00
00 00 00 00  00 00 00 00  00 00 00 00  00 00 00 00
00 00 00 00  00 00 00 00  00 00 00 00  00 00 00 00
00 00 00 00  00 00 00 00  00 00 00 00  00 00 00 00
00 00 00 00  00 00 00 00  00 00 00 00  00 00 00 00
10 10 10 10  0C 0C 0C 0C  10 10 10 10  08 08 08 08
00 00 00 00  02 02 02 02  00 00 00 00  00 00 00 00
00 00 00 00  00 00 00 00  00 00 00 00  00 00 00 00
00 00 00 00  00 00 00 00  00 00 00 00  00 00 00 00
00 00 00 00  00 00 00 00  00 00 00 00  00 00 00 00
00 00 00 00  00 00 00 00  00 00 00 00  00 00 00 00
00 00 00 00  00 00 00 00  00 00 00 00  00 00 00 00
00 00 00 00  00 00 00 00  00 00 00 00  00 00 00 00
00 00 00 00  00 00 00 00  00 00 00 00  00 00 00 00
00 00 00 00  00 00 00 00  00 00 00 00  00 00 00 00
00 00 00 00  00 00 00 00  00 00 00 00  00 00 00 00
00 00 00 00  00 00 00 00  00 00 00 00  00 00 00 00
00 00 00 00  00 00 00 00  00 00 00 00  00 00 00 00
00 00 00 00  00 00 00 00  00 00 00 00  00 00 00 00
10 10 10 10  0C 0C 0C 0C  08 10 08 10  02 20 02 20
00 02 00 02  00 00 00 00  00 00 00 00  00 00 00 00
00 00 00 00  00 00 00 00  00 00 00 00  00 00 00 00
00 00 00 00  00 00 00 00  00 00 00 00  00 00 00 00
00 00 00 00  00 00 00 00  00 00 00 00  00 00 00 00
00 00 00 00  00 00 00 00  00 00 00 00  00 00 00 00
00 00 00 00  00 00 00 00  00 00 00 00  00 00 00 00
00 00 00 00  00 00 00 00  00 00 00 00  00 00 00 00
10 10 10 10  0C 0C 0C 0C  02 02 02 02  00 00 00 00
00 00 00 00  00 00 00 00  00 00 00 00  00 00 00 00
10 10 10 10  0C 0C 0C 0C  01 01 01 01  00 00 00 00
00 00 00 00  00 00 00 00  00 00 00 00  00 00 00 00
00 00 00 00  00 00 00 00  00 00 00 00  00 00 00 00
00 00 00 00  00 00 00 00  00 00 00 00  00 00 00 00
00 00 00 00  00 00 00 00  00 00 00 00  00 00 00 00
00 00 00 00  00 00 00 00  00 00 00 00  00 00 00 00
00 00 00 00  00 00 00 00  00 00 00 00  00 00 00 00
00 00 00 00  00 00 00 00  00 00 00 00  00 00 00 00
00 00 00 00  00 00 00 00  00 00 00 00  00 00 00 00
00 00 00 00  00 00 00 00  00 00 00 00  00 00 00 00
00 00 00 00  00 00 00 00  00 00 00 00  00 00 00 00
00 00 00 00  00 00 00 00  00 00 00 00  00 00 00 00
00 00 00 00  00 00 00 00  00 00 00 00  00 00 00 00
00 00 00 00  00 00 00 00  00 00 00 00  00 00 00 00
00 00 00 00  00 00 00 00  00 00 00 00  00 00 00 00
00 00 00 00  00 00 00 00  00 00 00 00  00 00 00 00
00 00 00 00  00 00 00 00  00 00 00 00  00 00 00 00
00 00 00 00  00 00 00 00  00 00 00 00  00 00 00 00
00 00 00 00  00 00 00 00  00 00 00 00  00 00 00 00
00 00 00 00  00 00 00 00  00 00 00 00  00 00 00 00
00 00 00 00  00 00 00 00  00 00 00 00  00 00 00 00
00 00 00 00  00 00 00 00  00 00 00 00  00 00 00 00
00 00 00 00  00 00 00 00  00 00 00 00  00 00 00 00
00 00 00 00  00 00 00 00  00 00 00 00  00 00 00 00
00 00 00 00  00 00 00 00  00 00 00 00  00 00 00 00
00 00 00 00  00 00 00 00  00 00 00 00  00 00 00 00
