$ 1 0.000005 7.619785657297057 50 5 43
R 80 96 80 64 0 0 40 5 0 0 0.5
S 304 160 224 160 0 0 false 0 2
c 448 176 448 240 0 2.0000000000000002e-7 3.9729836339984326
w 448 240 304 240 0
w 80 96 80 144 0
w 448 176 544 176 0
r 80 144 144 144 0 2000
162 144 144 224 144 2 default-led 1 0 0 0.001
162 144 176 224 176 2 default-led 1 0 0 0.001
r 80 176 144 176 0 2000
w 80 144 80 176 0
w 224 112 448 112 0
w 304 160 304 240 0
w 224 112 224 144 0
r 448 112 448 176 0 10000
S 288 -64 160 -64 0 0 false 0 2
r 288 -64 288 0 0 10000
R 160 -80 160 -144 0 0 40 5 0 0 0.5
g 288 48 288 64 0
r 384 -64 384 0 0 10000
c 384 0 384 48 0 2.0000000000000002e-7 0.0003819730988846413
w 384 48 288 48 0
w 288 48 288 0 0
w 288 -64 384 -64 0
w 384 0 496 0 0
g 304 240 304 304 0
o 24 32 0 4099 5 0.00009765625 0 2 24 3
o 5 32 0 4099 5 0.00009765625 1 2 5 3




$ 1 0.000005 7.619785657297057 50 5 43
R 80 96 80 64 0 0 40 5 0 0 0.5
S 304 160 224 160 0 0 false 0 2
c 448 176 448 240 0 0.000001 4.382759823347729
w 448 240 304 240 0
w 80 96 80 144 0
w 448 176 544 176 0
r 80 144 144 144 0 2000
162 144 144 224 144 2 default-led 1 0 0 0.001
162 144 176 224 176 2 default-led 1 0 0 0.01
r 80 176 144 176 0 1000
w 80 144 80 176 0
w 224 112 448 112 0
w 304 160 304 240 0
w 224 112 224 144 0
r 448 112 448 176 0 10000
S 288 -64 160 -64 0 1 false 0 2
w 80 96 160 96 0
r 288 -64 288 0 0 10000
R 160 -80 160 -144 0 0 40 5 0 0 0.5
g 288 0 288 64 0
r 384 -64 384 0 0 10000
c 384 0 384 48 0 2.0000000000000002e-7 4.999999999999181
w 384 48 336 48 0
w 336 48 336 0 0
w 336 0 288 0 0
w 288 -64 384 -64 0
w 384 0 496 0 0
g 304 240 304 304 0
o 26 32 0 4099 10 0.00009765625 0 2 26 3



$ 1 0.000005 19.867427341514983 50 5 43
R 80 96 80 64 0 0 40 5 0 0 0.5
S 304 160 224 160 0 1 false 0 2
g 304 240 304 304 0
c 448 176 448 240 0 0.000001 1.0680176601180298e-21
w 448 240 304 240 0
w 80 96 80 144 0
w 448 176 544 176 0
r 80 144 144 144 0 2000
162 144 144 224 144 2 default-led 1 0 0 0.01
162 144 176 224 176 2 default-led 1 0 0 0.01
r 80 176 144 176 0 1000
w 80 144 80 176 0
w 224 112 448 112 0
w 304 160 304 240 0
w 224 112 224 144 0
r 448 112 448 176 0 10000
o 6 64 0 4098 0.0000762939453125 0.00009765625 0 2 6 3